644.1
682.1
103.1
272.1
222.1
707.1
689.1
447.1
397.1
25.1
960.1
845.1
132.1
969.1
603.1
642.1
998.1
886.1
72.1
190.1
81.1
959.1
41.1
321.1
744.1
749.1
588.1
505.1
727.1
33.1
653.1
357.1
755.1
279.1
987.1
90.1
224.1
336.1
200.1
57.1
875.1
673.1
149.1
125.1
290.1
149.1
978.1
889.1
354.1
225.1
217.1
201.1
754.1
496.1
586.1
640.1
723.1
894.1
280.1
820.1
781.1
109.1
687.1
920.1
722.1
792.1
59.1
456.1
61.1
520.1
58.1
899.1
231.1
138.1
948.1
121.1
345.1
759.1
524.1
494.1
589.1
568.1
549.1
929.1
613.1
66.1
843.1
568.1
420.1
30.1
338.1
147.1
392.1
757.1
404.1
726.1